email	subject	message
